ICE 6-311G(d,p)
CRYSTAL
0 0 0
36
4.42382708 7.69680620 7.24876159 
5
8 0.000000000000E+00 -3.309813789655E-01 -4.362224142933E-01
1 1.808073920543E-01 -2.680582416229E-01 -4.822300164286E-01
8 5.000000000000E-01 -1.635423455907E-01 4.383668049286E-01
1 5.000000000000E-01 -1.636035600645E-01 3.014276356550E-01
1 5.000000000000E-01 -4.074150314172E-02 4.801880065668E-01
FREQCALC
INTENS
END
END
1 4
0 0 3 1.0 1
       33.86500               0.0254938
      5.094790               0.190373
      1.158790               0.852161 
0 0 1 0.0 1
      0.325840               1.000000 
0 0 1 0.0 1
      0.102741               1.000000
0 2 1 0.0 1
      0.750                  1.000000
8 5
0 0 6 2.0 1
       8588.500                  0.00189515
   1297.230                  0.0143859
    299.2960                 0.0707320
     87.37710                0.2400010
     25.67890                0.5947970
      3.740040               0.2808020
0 1 3 6.0 1
       42.11750                0.113889               0.0365114
      9.628370               0.920811               0.237153
      2.853320              -0.00327447             0.819702
0 1 1 0.0 1
	0.905661               1.000000               1.000000
0 1 1 0.0 1
	0.255611               1.000000               1.000000
0 3 1 0.0 1
	1.292                  1.000000
99 0
END  
DFT 
PBE-D
XLGRID
END
SHRINK
6 6
TOLDEE
8
TOLINTEG
7 7 7 7 14
END
